0000000000000000000000000000000000000000
0000000000000000000000000000000000000000
0000000000000000000000000000000000000000
0000000000000000000000000000000000000000
0000000000000000000000000000000000000000
0000000000000000000000000000000000000000
0000000000000000000000000000000000000000
0000000000000000000000000000000000000000
0000000000000000000000000000000000000000
0000000000000000000000000000000000000000
0000000000000110000000000000000000000000
0000000000001001000111000000000000000000
0000000000011011110000000000000000000000
0000000000001001110000000000000000000000
0000000000001101000010000000000000000000
0000000000000100111110000000000000000000
0000000000000011000011000000000000000000
0000000000000001111101000000000000000000
0000000000000000000000000000000000000000
0000000000000001111101000000000000000000
0000000000000011000011000000000000000000
0000000000000100111110000000000000000000
0000000000001101000010000000000000000000
0000000000001001110000000000000000000000
0000000000011011110000000000000000000000
0000000000001001000111000000000000000000
0000000000000110000000000000000000000000
0000000000000000000000000000000000000000
0000000000000000000000000000000000000000
0000000000000000000000000000000000000000
0000000000000000000000000000000000000000
0000000000000000000000000000000000000000
0000000000000000000000000000000000000000
0000000000000000000000000000000000000000
0000000000000000000000000000000000000000
0000000000000000000000000000000000000000
0000000000000000000000000000000000000000
0000000000000000000000000000000000000000
0000000000000000000000000000000000000000
0000000000000000000000000000000000000000

